150150150150150150150150150150150150150150150150150150150150150150150150150150150150150150150150150150150150150150150150150150150150150150150150150150150150150150150150150150150150150150150150150150150150150150150150150150150150150150150150150150150150150150150150150150150150150150150150150150150150150150150150150150150150150150150150150150150150150150150150150150150150150150150150150150150150150150150150150150150150150150150150150150150150150150 3 3
7 -30 1008
1 0 0
5 -30 1008
1 0 0
6 -30 1006
1 0 0
7 -28 1009
1 0 0
7 -29 1007
1 0 0
7 -30 1009
1 0 0
5 -28 1008
1 0 0
7 -30 1010
1 0 0
6 -28 1009
1 0 0
5 -30 1008
1 0 0
7 -29 1008
1 0 0
5 -30 1010
1 0 0
7 -28 1010
1 0 0
6 -31 1009
1 0 0
5 -28 1008
1 0 0
6 -30 1010
1 0 0
5 -29 1010
1 0 0
7 -31 1009
1 0 0
7 -29 1010
1 0 0
7 -29 1007
1 0 0
7 -30 1007
1 0 0
7 -29 1008
1 0 0
7 -30 1007
1 0 0
6 -30 1008
1 0 0
6 -30 1007
1 0 0
6 -29 1006
1 0 0
5 -30 1004
1 0 0
7 -26 1008
1 0 0
7 -31 1008
1 0 0
7 -30 1007
1 0 0
6 -30 1008
1 0 0
7 -29 1007
1 0 0
7 -29 1008
1 0 0
7 -29 1008
1 0 0
6 -27 1008
1 0 0
6 -29 1009
1 0 0
8 -29 1007
1 0 0
7 -31 1006
1 0 0
6 -30 1006
1 0 0
6 -29 1007
1 0 0
6 -28 1005
1 0 0
6 -30 1006
1 0 0
7 -30 1006
1 0 0
7 -29 1005
1 0 0
7 -29 1006
1 0 0
6 -31 1005
1 0 0
6 -29 1006
1 0 0
6 -28 1004
1 0 0
6 -30 1009
1 0 0
6 -29 1004
1 0 0
3 995 9
0 1 0
2 995 8
0 1 0
0 996 6
0 1 0
1 994 6
0 1 0
2 995 4
0 1 0
1 996 5
0 1 0
0 995 7
0 1 0
1 996 3
0 1 0
1 996 5
0 1 0
0 997 2
0 1 0
1 994 0
0 1 0
0 995 3
0 1 0
0 995 3
0 1 0
2 995 2
0 1 0
1 995 1
0 1 0
0 995 1
0 1 0
2 994 4
0 1 0
1 994 1
0 1 0
0 995 3
0 1 0
0 996 4
0 1 0
1 994 2
0 1 0
3 995 1
0 1 0
1 995 5
0 1 0
1 994 2
0 1 0
3 995 2
0 1 0
1 992 5
0 1 0
1 996 4
0 1 0
0 995 1
0 1 0
1 994 -3
0 1 0
2 996 1
0 1 0
-3 994 3
0 1 0
2 995 1
0 1 0
6 994 7
0 1 0
2 995 2
0 1 0
3 996 3
0 1 0
1 993 3
0 1 0
2 996 2
0 1 0
1 995 -3
0 1 0
2 994 6
0 1 0
1 995 3
0 1 0
1 995 -1
0 1 0
2 994 0
0 1 0
1 996 -1
0 1 0
2 994 1
0 1 0
1 996 2
0 1 0
0 993 2
0 1 0
3 995 1
0 1 0
1 994 -3
0 1 0
1 994 0
0 1 0
3 995 0
0 1 0
-998 -1 73
0 0 1
-1000 -4 70
0 0 1
-997 -4 71
0 0 1
-999 -2 72
0 0 1
-1000 -1 74
0 0 1
-999 -4 75
0 0 1
-999 -3 71
0 0 1
-998 -2 76
0 0 1
-998 -3 71
0 0 1
-998 -3 69
0 0 1
-999 -3 71
0 0 1
-999 -2 70
0 0 1
-1000 -3 72
0 0 1
-999 -2 74
0 0 1
-999 -2 71
0 0 1
-999 -3 73
0 0 1
-999 -4 76
0 0 1
-998 -3 75
0 0 1
-1000 -3 72
0 0 1
-999 -2 69
0 0 1
-998 -4 74
0 0 1
-998 -2 74
0 0 1
-998 -3 74
0 0 1
-998 -4 75
0 0 1
-998 -2 73
0 0 1
-998 -2 73
0 0 1
-1000 -4 69
0 0 1
-999 -4 69
0 0 1
-998 -2 79
0 0 1
-998 -2 77
0 0 1
-997 -4 74
0 0 1
-997 -1 74
0 0 1
-999 -2 71
0 0 1
-999 -4 69
0 0 1
-998 -4 76
0 0 1
-998 -2 73
0 0 1
-998 -2 77
0 0 1
-999 -3 73
0 0 1
-998 -3 76
0 0 1
-999 -3 73
0 0 1
-998 -3 70
0 0 1
-999 -3 68
0 0 1
-999 -2 72
0 0 1
-998 -3 70
0 0 1
-999 -3 72
0 0 1
-999 -2 71
0 0 1
-998 -3 77
0 0 1
-999 -3 71
0 0 1
-997 -3 77
0 0 1
-998 -3 70
0 0 1
