106 3 3
3 995 9
0 1 0
2 995 8
0 1 0
0 996 6
0 1 0
1 994 6
0 1 0
2 995 4
0 1 0
1 996 5
0 1 0
0 995 7
0 1 0
1 996 3
0 1 0
1 996 5
0 1 0
0 997 2
0 1 0
1 994 0
0 1 0
0 995 3
0 1 0
0 995 3
0 1 0
2 995 2
0 1 0
1 995 1
0 1 0
0 995 1
0 1 0
2 994 4
0 1 0
1 994 1
0 1 0
0 995 3
0 1 0
0 996 4
0 1 0
1 994 2
0 1 0
3 995 1
0 1 0
1 995 5
0 1 0
1 994 2
0 1 0
3 995 2
0 1 0
1 992 5
0 1 0
1 996 4
0 1 0
0 995 1
0 1 0
1 994 -3
0 1 0
2 996 1
0 1 0
-3 994 3
0 1 0
2 995 1
0 1 0
6 994 7
0 1 0
2 995 2
0 1 0
3 996 3
0 1 0
1 993 3
0 1 0
2 996 2
0 1 0
1 995 -3
0 1 0
2 994 6
0 1 0
1 995 3
0 1 0
1 995 -1
0 1 0
2 994 0
0 1 0
1 996 -1
0 1 0
2 994 1
0 1 0
1 996 2
0 1 0
0 993 2
0 1 0
3 995 1
0 1 0
1 994 -3
0 1 0
1 994 0
0 1 0
3 995 0
0 1 0
2 994 -1
0 1 0
2 995 -3
0 1 0
0 995 0
0 1 0
1 993 -4
0 1 0
1 995 -1
0 1 0
0 994 -2
0 1 0
2 995 0
0 1 0
2 995 -1
0 1 0
1 995 0
0 1 0
2 995 3
0 1 0
0 994 -2
0 1 0
3 995 3
0 1 0
2 994 2
0 1 0
0 994 5
0 1 0
4 994 0
0 1 0
0 995 -3
0 1 0
1 994 0
0 1 0
1 996 0
0 1 0
0 993 5
0 1 0
2 996 1
0 1 0
2 994 0
0 1 0
1 995 -1
0 1 0
0 996 2
0 1 0
0 994 -2
0 1 0
1 995 -1
0 1 0
1 995 -1
0 1 0
1 996 -1
0 1 0
1 994 1
0 1 0
0 995 -2
0 1 0
3 995 -2
0 1 0
2 994 -1
0 1 0
1 994 -5
0 1 0
1 994 -5
0 1 0
1 996 -5
0 1 0
2 994 -2
0 1 0
0 996 -1
0 1 0
2 993 -1
0 1 0
0 995 4
0 1 0
1 994 3
0 1 0
2 995 0
0 1 0
0 996 -9
0 1 0
0 994 1
0 1 0
1 995 -2
0 1 0
1 994 -1
0 1 0
2 993 -1
0 1 0
1 996 0
0 1 0
0 993 1
0 1 0
1 994 1
0 1 0
1 995 2
0 1 0
0 995 0
0 1 0
1 995 4
0 1 0
2 995 0
0 1 0
0 994 0
0 1 0
1 995 -2
0 1 0
2 993 -1
0 1 0
2 996 0
0 1 0
