113 3 3
-998 -1 73
0 0 1
-1000 -4 70
0 0 1
-997 -4 71
0 0 1
-999 -2 72
0 0 1
-1000 -1 74
0 0 1
-999 -4 75
0 0 1
-999 -3 71
0 0 1
-998 -2 76
0 0 1
-998 -3 71
0 0 1
-998 -3 69
0 0 1
-999 -3 71
0 0 1
-999 -2 70
0 0 1
-1000 -3 72
0 0 1
-999 -2 74
0 0 1
-999 -2 71
0 0 1
-999 -3 73
0 0 1
-999 -4 76
0 0 1
-998 -3 75
0 0 1
-1000 -3 72
0 0 1
-999 -2 69
0 0 1
-998 -4 74
0 0 1
-998 -2 74
0 0 1
-998 -3 74
0 0 1
-998 -4 75
0 0 1
-998 -2 73
0 0 1
-998 -2 73
0 0 1
-1000 -4 69
0 0 1
-999 -4 69
0 0 1
-998 -2 79
0 0 1
-998 -2 77
0 0 1
-997 -4 74
0 0 1
-997 -1 74
0 0 1
-999 -2 71
0 0 1
-999 -4 69
0 0 1
-998 -4 76
0 0 1
-998 -2 73
0 0 1
-998 -2 77
0 0 1
-999 -3 73
0 0 1
-998 -3 76
0 0 1
-999 -3 73
0 0 1
-998 -3 70
0 0 1
-999 -3 68
0 0 1
-999 -2 72
0 0 1
-998 -3 70
0 0 1
-999 -3 72
0 0 1
-999 -2 71
0 0 1
-998 -3 77
0 0 1
-999 -3 71
0 0 1
-997 -3 77
0 0 1
-998 -3 70
0 0 1
-1000 -3 63
0 0 1
-999 -3 67
0 0 1
-998 -3 68
0 0 1
-999 -2 69
0 0 1
-998 -3 72
0 0 1
-998 -2 70
0 0 1
-998 -3 72
0 0 1
-1000 -3 68
0 0 1
-999 -4 69
0 0 1
-999 -2 70
0 0 1
-998 -2 69
0 0 1
-998 -3 69
0 0 1
-998 -3 72
0 0 1
-999 -1 68
0 0 1
-998 -2 71
0 0 1
-998 -3 74
0 0 1
-998 -4 71
0 0 1
-999 -3 76
0 0 1
-998 -3 71
0 0 1
-999 -3 70
0 0 1
-999 -3 73
0 0 1
-998 -3 69
0 0 1
-1000 -2 67
0 0 1
-999 -2 74
0 0 1
-1000 -4 65
0 0 1
-999 -3 67
0 0 1
-999 -3 66
0 0 1
-998 -3 64
0 0 1
-1000 -3 65
0 0 1
-999 -3 68
0 0 1
-999 -2 67
0 0 1
-999 -3 69
0 0 1
-999 -4 69
0 0 1
-999 -4 69
0 0 1
-998 -2 76
0 0 1
-998 -3 69
0 0 1
-997 -4 72
0 0 1
-999 -3 72
0 0 1
-999 -3 72
0 0 1
-998 -3 72
0 0 1
-998 -4 76
0 0 1
-999 -2 74
0 0 1
-999 -4 75
0 0 1
-996 -2 79
0 0 1
-999 -3 76
0 0 1
-998 -4 75
0 0 1
-998 -3 79
0 0 1
-998 -2 78
0 0 1
-999 -4 74
0 0 1
-998 -4 74
0 0 1
-997 -4 81
0 0 1
-1001 -2 72
0 0 1
-998 -4 83
0 0 1
-999 -5 79
0 0 1
-998 -2 80
0 0 1
-998 -3 76
0 0 1
-999 -4 76
0 0 1
-998 -3 73
0 0 1
-1001 -2 69
0 0 1
-999 -3 71
0 0 1
-997 -3 83
0 0 1
-997 -4 85
0 0 1
-997 -3 83
0 0 1
