7 -30 1008
1 0 0 0 0
5 -30 1008
1 0 0 0 0
6 -30 1006
1 0 0 0 0
7 -28 1009
1 0 0 0 0
7 -29 1007
1 0 0 0 0
7 -30 1009
1 0 0 0 0
5 -28 1008
1 0 0 0 0
7 -30 1010
1 0 0 0 0
6 -28 1009
1 0 0 0 0
5 -30 1008
1 0 0 0 0
7 -29 1008
1 0 0 0 0
5 -30 1010
1 0 0 0 0
7 -28 1010
1 0 0 0 0
6 -31 1009
1 0 0 0 0
5 -28 1008
1 0 0 0 0
6 -30 1010
1 0 0 0 0
5 -29 1010
1 0 0 0 0
7 -31 1009
1 0 0 0 0
7 -29 1010
1 0 0 0 0
7 -29 1007
1 0 0 0 0
7 -30 1007
1 0 0 0 0
7 -29 1008
1 0 0 0 0
7 -30 1007
1 0 0 0 0
6 -30 1008
1 0 0 0 0
6 -30 1007
1 0 0 0 0
6 -29 1006
1 0 0 0 0
5 -30 1004
1 0 0 0 0
7 -26 1008
1 0 0 0 0
7 -31 1008
1 0 0 0 0
7 -30 1007
1 0 0 0 0
6 -30 1008
1 0 0 0 0
7 -29 1007
1 0 0 0 0
7 -29 1008
1 0 0 0 0
7 -29 1008
1 0 0 0 0
6 -27 1008
1 0 0 0 0
6 -29 1009
1 0 0 0 0
8 -29 1007
1 0 0 0 0
7 -31 1006
1 0 0 0 0
6 -30 1006
1 0 0 0 0
6 -29 1007
1 0 0 0 0
6 -28 1005
1 0 0 0 0
6 -30 1006
1 0 0 0 0
7 -30 1006
1 0 0 0 0
7 -29 1005
1 0 0 0 0
7 -29 1006
1 0 0 0 0
6 -31 1005
1 0 0 0 0
6 -29 1006
1 0 0 0 0
6 -28 1004
1 0 0 0 0
6 -30 1009
1 0 0 0 0
6 -29 1004
1 0 0 0 0
7 -30 1007
1 0 0 0 0
7 -30 1007
1 0 0 0 0
6 -29 1008
1 0 0 0 0
5 -28 1007
1 0 0 0 0
6 -28 1007
1 0 0 0 0
6 -31 1004
1 0 0 0 0
5 -30 1007
1 0 0 0 0
7 -30 1006
1 0 0 0 0
7 -29 1009
1 0 0 0 0
6 -30 1006
1 0 0 0 0
6 -29 1008
1 0 0 0 0
5 -30 1007
1 0 0 0 0
6 -30 1007
1 0 0 0 0
6 -29 1009
1 0 0 0 0
6 -30 1007
1 0 0 0 0
5 -29 1008
1 0 0 0 0
6 -29 1009
1 0 0 0 0
6 -29 1010
1 0 0 0 0
6 -29 1009
1 0 0 0 0
5 -30 1008
1 0 0 0 0
5 -29 1006
1 0 0 0 0
7 -30 1010
1 0 0 0 0
6 -30 1009
1 0 0 0 0
6 -29 1009
1 0 0 0 0
7 -29 1008
1 0 0 0 0
6 -29 1009
1 0 0 0 0
6 -29 1008
1 0 0 0 0
5 -28 1010
1 0 0 0 0
7 -29 1009
1 0 0 0 0
7 -30 1008
1 0 0 0 0
7 -29 1010
1 0 0 0 0
5 -29 1009
1 0 0 0 0
6 -30 1008
1 0 0 0 0
6 -29 1009
1 0 0 0 0
6 -31 1008
1 0 0 0 0
6 -28 1010
1 0 0 0 0
7 -28 1010
1 0 0 0 0
8 -31 1008
1 0 0 0 0
6 -28 1009
1 0 0 0 0
5 -30 1008
1 0 0 0 0
3 -26 1008
1 0 0 0 0
7 -31 1009
1 0 0 0 0
6 -28 1008
1 0 0 0 0
8 -31 1008
1 0 0 0 0
5 -29 1008
1 0 0 0 0
7 -29 1009
1 0 0 0 0
6 -32 1009
1 0 0 0 0
5 -26 1010
1 0 0 0 0
5 -30 1009
1 0 0 0 0
6 -28 1009
1 0 0 0 0
8 -30 1008
1 0 0 0 0
7 -30 1011
1 0 0 0 0
4 -28 1009
1 0 0 0 0
