7 -30 1008
0 0 0 0 1
5 -30 1008
0 0 0 0 1
6 -30 1006
0 0 0 0 1
7 -28 1009
0 0 0 0 1
7 -29 1007
0 0 0 0 1
7 -30 1009
0 0 0 0 1
5 -28 1008
0 0 0 0 1
7 -30 1010
0 0 0 0 1
6 -28 1009
0 0 0 0 1
5 -30 1008
0 0 0 0 1
7 -29 1008
0 0 0 0 1
5 -30 1010
0 0 0 0 1
7 -28 1010
0 0 0 0 1
6 -31 1009
0 0 0 0 1
5 -28 1008
0 0 0 0 1
6 -30 1010
0 0 0 0 1
5 -29 1010
0 0 0 0 1
7 -31 1009
0 0 0 0 1
7 -29 1010
0 0 0 0 1
7 -29 1007
0 0 0 0 1
7 -30 1007
0 0 0 0 1
7 -29 1008
0 0 0 0 1
7 -30 1007
0 0 0 0 1
6 -30 1008
0 0 0 0 1
6 -30 1007
0 0 0 0 1
6 -29 1006
0 0 0 0 1
5 -30 1004
0 0 0 0 1
7 -26 1008
0 0 0 0 1
7 -31 1008
0 0 0 0 1
7 -30 1007
0 0 0 0 1
6 -30 1008
0 0 0 0 1
7 -29 1007
0 0 0 0 1
7 -29 1008
0 0 0 0 1
7 -29 1008
0 0 0 0 1
6 -27 1008
0 0 0 0 1
6 -29 1009
0 0 0 0 1
8 -29 1007
0 0 0 0 1
7 -31 1006
0 0 0 0 1
6 -30 1006
0 0 0 0 1
6 -29 1007
0 0 0 0 1
6 -28 1005
0 0 0 0 1
6 -30 1006
0 0 0 0 1
7 -30 1006
0 0 0 0 1
7 -29 1005
0 0 0 0 1
7 -29 1006
0 0 0 0 1
6 -31 1005
0 0 0 0 1
6 -29 1006
0 0 0 0 1
6 -28 1004
0 0 0 0 1
6 -30 1009
0 0 0 0 1
6 -29 1004
0 0 0 0 1
7 -30 1007
0 0 0 0 1
7 -30 1007
0 0 0 0 1
6 -29 1008
0 0 0 0 1
5 -28 1007
0 0 0 0 1
6 -28 1007
0 0 0 0 1
6 -31 1004
0 0 0 0 1
5 -30 1007
0 0 0 0 1
7 -30 1006
0 0 0 0 1
7 -29 1009
0 0 0 0 1
6 -30 1006
0 0 0 0 1
6 -29 1008
0 0 0 0 1
5 -30 1007
0 0 0 0 1
6 -30 1007
0 0 0 0 1
6 -29 1009
0 0 0 0 1
6 -30 1007
0 0 0 0 1
5 -29 1008
0 0 0 0 1
6 -29 1009
0 0 0 0 1
6 -29 1010
0 0 0 0 1
6 -29 1009
0 0 0 0 1
5 -30 1008
0 0 0 0 1
5 -29 1006
0 0 0 0 1
7 -30 1010
0 0 0 0 1
6 -30 1009
0 0 0 0 1
6 -29 1009
0 0 0 0 1
7 -29 1008
0 0 0 0 1
6 -29 1009
0 0 0 0 1
6 -29 1008
0 0 0 0 1
5 -28 1010
0 0 0 0 1
7 -29 1009
0 0 0 0 1
7 -30 1008
0 0 0 0 1
7 -29 1010
0 0 0 0 1
5 -29 1009
0 0 0 0 1
6 -30 1008
0 0 0 0 1
6 -29 1009
0 0 0 0 1
6 -31 1008
0 0 0 0 1
6 -28 1010
0 0 0 0 1
7 -28 1010
0 0 0 0 1
8 -31 1008
0 0 0 0 1
6 -28 1009
0 0 0 0 1
5 -30 1008
0 0 0 0 1
3 -26 1008
0 0 0 0 1
7 -31 1009
0 0 0 0 1
6 -28 1008
0 0 0 0 1
8 -31 1008
0 0 0 0 1
5 -29 1008
0 0 0 0 1
7 -29 1009
0 0 0 0 1
6 -32 1009
0 0 0 0 1
5 -26 1010
0 0 0 0 1
5 -30 1009
0 0 0 0 1
6 -28 1009
0 0 0 0 1
8 -30 1008
0 0 0 0 1
7 -30 1011
0 0 0 0 1
4 -28 1009
0 0 0 0 1
