1.362754 0.866871 0.846503 0.078744 13.778016 0.921711 0.5 -0.25 -0.35 0.3 -0.5 0.35
0.38247 0.707707 3.694444 0.340659 2.8 1.048387  0.250008 2.3 2 -0.05 -2.15 -0.35
0.749062 1.793722 0.744264 0.123189 8.112218 1.000664 -0.1 -0.15 -0.15 0.4 0.05 0.45
1.369779 0.857745 0.851121 1.597668 0.766195 0.81691 0.35 -0.4 -0.45 0.75 -0.7 0.75
0.972115 0.859196 1.197264 0.11166 11.945652 0.749709 -0.250007 -0.150007 -0.150007 0 0.05 0
3.730376 0.388337 0.690302 0.670362 1.334319 1.117971 -0.3 -0.4 -0.4 0.65 -0.1 0.85
0.346717 1.110121 2.598093 0.049539 27.32976 0.738614 -0.15 -0.1 -0.05 -0.2 0.1 -0.35
1.043011 1.013462 0.946028 0.137567 6.144551 1.183033 -0.1 -0.2 -0.2 0.45 0.1 -0.15
1.336614 0.634207 1.179676 0.930303 1.392405 0.771987 -0.55 1.4 -0.6 0.1 0.35 -1.05
0.47323 0.650562 3.248175 0.813559 3.051724 0.402778 0.15 -0.1 -0.15 0.1 0.05 0.1
0.756068 0.749773 1.764045 2.977679 0.451613 0.743628 -0.5 -0.15 0.4 -1.9 -0.5 -1.55
0.545788 0.540594 3.389262 1.892216 0.55298 0.955696 -0.350007 2.7 0 -1.8 -2 -1.8
0.94704 0.857143 1.231908 0.940845 2.246835 0.473054 0.1 -1.55 0.5 -0.35 0.1 0.3
1.332212 0.780184 0.962121 0.268428 1.824873 2.041451 1.750008 0 -0.05 -1.3 0.05 0
0.505854 1.609957 1.227893 0.038367 31.387323 0.830409 -0.1 0 -0.05 -0.3 0.1 -0.1
0.505838 2.414376 0.818811 0.242045 5.74967 0.718557 0.6 -0.05 -0.15 0.45 0.1 0.5
1.119388 0.581602 1.536007 0.327725 7.232804 0.421875 -0.15 -0.05 -0.05 -0.1 0 -1.5
1.625451 1.068467 0.575791 0.115903 10.426322 0.827514 0.5 -0.35 -0.4 0.45 -0.5 0.5
1.034203 0.917424 1.05396 0.2 7.933673 0.630225 0.150007 -0.05 -0.05 -0.3 0 0.15
0.655549 1.627224 0.937448 0.263242 1.661333 2.286585 2.200007 0 -0.15 -0.4 -0.35 -0.15
1.708847 0.48559 1.205111 1.967381 0.626386 0.811464 0.65 0.6 -0.15 0.5 -0.6 0.55
0.980541 0.634431 1.607497 0.196205 0.994936 5.122642 -0.2 -0.25 -0.3 -2.3 0 0.25
0.518528 2.685945 0.718011 0.15176 4.456737 1.478516 -0.25 -0.15 -0.1 0.25 0.1 0.3
2.349604 0.510782 0.83324 1.646552 0.716602 0.847513 -1.950007 -0.2 -0.25 0 -0.05 0
0.451152 1.535385 1.443642 0.085739 10.795669 1.080366 -0.25 0 0.15 0 0.1 -0.15
1.869159 0.871493 0.613889 3.013423 0.491749 0.674833 0.2 0.2 0.15 -0.05 -2.1 -0.05
2.21226 0.352581 1.282051 0.010501 5.9207 16.083832 -0.05 -0.3 0.05 -2.5 0.1 -0.1
1.401471 0.54883 1.300105 1.472727 0.665323 1.020576 -0.1 -0.1 0 -0.1 -0.35 -0.4
1.992945 0.981818 0.511062 0.336585 1.061077 2.8 -2.200007 -2.400007 -0.35 -2.25 -0.05 0.35
1.974293 0.44491 1.138455 0.16821 6.609179 0.8995 0.4 -0.5 -0.05 0.3 -0.4 0.3
1.613839 0.701095 0.883817 2.37037 1.35 0.3125 1.6 -0.8 -1.4 -0.1 -0.1 0.6
